0,0.008651 
1,0.008696 
2,0.008710 
3,0.008723 
4,0.058983 
5,0.059020 
2,0.260051 
3,0.260077 
4,0.260088 
5,0.260097 
6,0.310328 
7,0.310356 
8,0.310366 
9,0.410733 
10,0.410763 
11,0.410771 
12,0.410778 
13,0.461014 
14,0.461043 
15,0.461051 
16,0.461058 
17,0.511296 
18,0.511338 
19,0.511356 
20,0.511371 
21,0.561555 
22,0.561597 
23,0.561614 
24,0.561628 
25,0.611857 
26,0.611892 
27,0.611908 
28,0.611923 
29,0.662218 
30,0.662253 
31,0.662269 
32,0.662285 
33,0.712429 
34,0.712464 
35,0.712481 
36,0.712495 
37,0.762688 
38,0.762723 
39,0.762740 
40,0.762754 
41,0.812920 
42,0.812956 
43,0.812974 
44,0.812990 
45,0.863659 
46,0.863780 
47,0.863875 
48,0.863969 
49,0.914176 
50,0.914203 
51,0.914212 
52,0.914219 
53,0.964436 
54,0.964463 
55,0.964485 
56,0.964493 
57,1.014684 
58,1.014714 
59,1.014722 
60,1.014729 
61,1.064893 
62,1.064920 
63,1.064929 
64,1.064936 
65,1.115115 
66,1.115145 
67,1.115154 
68,1.115162 
69,1.165490 
70,1.165557 
71,1.165585 
72,1.165607 
73,1.215850 
74,1.215912 
75,1.215936 
76,1.215956 
77,1.266309 
78,1.266373 
79,1.266402 
80,1.266424 
81,1.316720 
82,1.316781 
83,1.316805 
84,1.316826 
85,1.367191 
86,1.367258 
87,1.367288 
88,1.367311 
89,1.417543 
90,1.417582 
91,1.417596 
92,1.417606 
93,1.467796 
94,1.467831 
95,1.467842 
96,1.467850 
97,1.518099 
98,1.518132 
99,1.518141 
100,1.518148 
101,1.568372 
102,1.568399 
103,1.568410 
104,1.568418 
105,1.618650 
106,1.618683 
107,1.618694 
108,1.618703 
109,1.668936 
110,1.668969 
111,1.668979 
112,1.668988 
113,1.719234 
114,1.719296 
115,1.719319 
116,1.719339 
117,1.769679 
118,1.769746 
119,1.769774 
120,1.769795 
121,1.820136 
122,1.820203 
123,1.820245 
124,1.820287 
125,1.870711 
126,1.870772 
127,1.870796 
128,1.870816 
129,1.920983 
130,1.921015 
131,1.921026 
132,1.921035 
133,1.971267 
134,1.971298 
135,1.971309 
136,1.971318 
137,2.021532 
138,2.021561 
139,2.021572 
140,2.021581 
141,2.071753 
142,2.071779 
143,2.071787 
144,2.071794 
145,2.121980 
146,2.122008 
147,2.122017 
148,2.122024 
149,2.172255 
150,2.172280 
151,2.172289 
152,2.172297 
153,2.222516 
154,2.222543 
155,2.222556 
156,2.222563 
157,2.272780 
158,2.272807 
159,2.272816 
160,2.272824 
161,2.323013 
162,2.323039 
163,2.323047 
164,2.323055 
165,2.373273 
166,2.373300 
167,2.373309 
168,2.373316 
169,2.423535 
170,2.423563 
171,2.423572 
172,2.423579 
173,2.473802 
174,2.473831 
175,2.473841 
176,2.473848 
177,2.524081 
178,2.524128 
179,2.524147 
180,2.524163 
181,2.574461 
182,2.574517 
183,2.574538 
184,2.574554 
185,2.624789 
186,2.624838 
187,2.624856 
188,2.624872 
189,2.675126 
190,2.675185 
191,2.675209 
192,2.675229 
193,2.725458 
194,2.725507 
195,2.725526 
196,2.725544 
197,2.775874 
198,2.775941 
199,2.775967 
200,2.775987 
201,2.826220 
202,2.826280 
203,2.826304 
204,2.826335 
205,2.876600 
206,2.876634 
207,2.876657 
208,2.876669 
209,2.926903 
210,2.926947 
211,2.926966 
212,2.926985 
213,2.977219 
214,2.977263 
215,2.977283 
216,2.977301 
217,3.027530 
218,3.027577 
219,3.027597 
220,3.027617 
221,3.077906 
222,3.077954 
223,3.077974 
224,3.077993 
225,3.128363 
226,3.128455 
227,3.128502 
228,3.128546 
229,3.178828 
230,3.178918 
231,3.178965 
232,3.179009 
233,3.229394 
234,3.229491 
235,3.229544 
236,3.229594 
237,3.279952 
238,3.280041 
239,3.280095 
240,3.280144 
241,3.330469 
242,3.330558 
243,3.330610 
244,3.330658 
245,3.380956 
246,3.381053 
247,3.381107 
248,3.381158 
249,3.431424 
250,3.431459 
251,3.431475 
252,3.431490 
253,3.481718 
254,3.481754 
255,3.481770 
256,3.481785 
257,3.532086 
258,3.532161 
259,3.532205 
260,3.532245 
261,3.582529 
262,3.582601 
263,3.582643 
264,3.582685 
265,3.633039 
266,3.633137 
267,3.633190 
268,3.633238 
269,3.683632 
270,3.683730 
271,3.683783 
272,3.683833 
273,3.734195 
274,3.734288 
275,3.734340 
276,3.734390 
277,3.784712 
278,3.784804 
279,3.784866 
280,3.784925 
281,3.835264 
282,3.835357 
283,3.835424 
284,3.835478 
285,3.885837 
286,3.885979 
287,3.886031 
288,3.886081 
289,3.936348 
290,3.936383 
291,3.936399 
292,3.936415 
293,3.986590 
294,3.986631 
295,3.986649 
296,3.986664 
297,4.036837 
298,4.036871 
299,4.036888 
300,4.036903 
301,4.087133 
302,4.087170 
303,4.087187 
304,4.087203 
305,4.137525 
306,4.137618 
307,4.137671 
308,4.137720 
309,4.188080 
310,4.188171 
311,4.188225 
312,4.188274 
313,4.238603 
314,4.238690 
315,4.238743 
316,4.238791 
317,4.289183 
318,4.289304 
319,4.289361 
320,4.289408 
321,4.339771 
322,4.339862 
323,4.339919 
324,4.339991 
325,4.390257 
326,4.390342 
327,4.390391 
328,4.390440 
329,4.440711 
330,4.440757 
331,4.440779 
332,4.440798 
333,4.490993 
334,4.491035 
335,4.491061 
336,4.491080 
337,4.541325 
338,4.541371 
339,4.541394 
340,4.541414 
341,4.591660 
342,4.591705 
343,4.591726 
344,4.591744 
345,4.641993 
346,4.642032 
347,4.642053 
348,4.642071 
349,4.692279 
350,4.692326 
351,4.692359 
352,4.692379 
353,4.742638 
354,4.742682 
355,4.742702 
356,4.742720 
357,4.792970 
358,4.793012 
359,4.793043 
360,4.793063 
361,4.843619 
362,4.843707 
363,4.843755 
364,4.843800 
365,4.894037 
366,4.894082 
367,4.894103 
368,4.894121 
369,4.944319 
370,4.944365 
371,4.944385 
372,4.944406 
373,4.994765 
374,4.994866 
375,4.994924 
376,4.994987 
377,5.045371 
378,5.045467 
379,5.045528 
380,5.045580 
381,5.095965 
382,5.096067 
383,5.096132 
384,5.096181 
385,5.146463 
386,5.146571 
387,5.146630 
388,5.146687 
389,5.197074 
390,5.197162 
391,5.197220 
392,5.197269 
393,5.247545 
394,5.247591 
395,5.247614 
396,5.247633 
397,5.297877 
398,5.297954 
399,5.297975 
400,5.297996 
401,5.348238 
402,5.348287 
403,5.348310 
404,5.348329 
405,5.398564 
406,5.398662 
407,5.398735 
408,5.398781 
409,5.448995 
410,5.449029 
411,5.449046 
412,5.449061 
413,5.499372 
414,5.499454 
415,5.499501 
416,5.499546 
417,5.549933 
418,5.550028 
419,5.550078 
420,5.550129 
421,5.600424 
422,5.600534 
423,5.600590 
424,5.600641 
425,5.651006 
426,5.651094 
427,5.651147 
428,5.651198 
429,5.701561 
430,5.701651 
431,5.701704 
432,5.701754 
433,5.752033 
434,5.752079 
435,5.752101 
436,5.752119 
437,5.802329 
438,5.802375 
439,5.802398 
440,5.802416 
441,5.852624 
442,5.852684 
443,5.852705 
444,5.852724 
445,5.902968 
446,5.903014 
447,5.903035 
448,5.903063 
449,5.953280 
450,5.953321 
451,5.953340 
452,5.953359 
453,6.003567 
454,6.003625 
455,6.003647 
456,6.003667 
457,6.053929 
458,6.053972 
459,6.053993 
460,6.054012 
461,6.104355 
462,6.104450 
463,6.104501 
464,6.104546 
465,6.154908 
466,6.154999 
467,6.155052 
468,6.155102 
469,6.205471 
470,6.205559 
471,6.205609 
472,6.205658 
473,6.255985 
474,6.256074 
475,6.256152 
476,6.256214 
477,6.306581 
478,6.306673 
479,6.307492 
480,6.307549 
481,6.357859 
482,6.358013 
483,6.358066 
484,6.358117 
485,6.408365 
486,6.408405 
487,6.408425 
488,6.408443 
489,6.458650 
490,6.458686 
491,6.458703 
492,6.458718 
493,6.508912 
494,6.508950 
495,6.508967 
496,6.508983 
497,6.559237 
498,6.559273 
499,6.559290 
500,6.559305 
501,6.609540 
502,6.609576 
503,6.609594 
504,6.609609 
505,6.659944 
506,6.660026 
507,6.660074 
508,6.660117 
509,6.710335 
510,6.710379 
511,6.710399 
512,6.710418 
513,6.760617 
514,6.760666 
515,6.760691 
516,6.760711 
517,6.810959 
518,6.811008 
519,6.811029 
520,6.811048 
521,6.861292 
522,6.861338 
523,6.861363 
524,6.861382 
525,6.911648 
526,6.911690 
527,6.911714 
528,6.911732 
529,6.961994 
530,6.962037 
531,6.962058 
532,6.962077 
533,7.012277 
534,7.012321 
535,7.012344 
536,7.012364 
537,7.062718 
538,7.062816 
539,7.062864 
540,7.062907 
541,7.113219 
542,7.113322 
543,7.113382 
544,7.113435 
545,7.163731 
546,7.163775 
547,7.163796 
548,7.163815 
549,7.214041 
550,7.214085 
551,7.214109 
552,7.214128 
553,7.264395 
554,7.264446 
555,7.264467 
556,7.264488 
557,7.314736 
558,7.314781 
559,7.314801 
560,7.314819 
561,7.365063 
562,7.365109 
563,7.365132 
564,7.365150 
565,7.415350 
566,7.415386 
567,7.415402 
568,7.415416 
569,7.465609 
570,7.465657 
571,7.465674 
572,7.465690 
573,7.515884 
574,7.515919 
575,7.515935 
576,7.515950 
577,7.566186 
578,7.566221 
579,7.566238 
580,7.566252 
581,7.616480 
582,7.616516 
583,7.616533 
584,7.616547 
585,7.666778 
586,7.666814 
587,7.666830 
588,7.666847 
589,7.717025 
590,7.717174 
591,7.717196 
592,7.717213 
593,7.767386 
594,7.767412 
595,7.767421 
596,7.767429 
597,7.817611 
598,7.817646 
599,7.817663 
600,7.817678 
601,7.867908 
602,7.867944 
603,7.867960 
604,7.867975 
605,7.918212 
606,7.918308 
607,7.918355 
608,7.918399 
609,7.968665 
610,7.968701 
611,7.968717 
612,7.968731 
613,8.019009 
614,8.019074 
615,8.019121 
616,8.019164 
617,8.069428 
618,8.069487 
619,8.069518 
620,8.069546 
621,8.119838 
622,8.119901 
623,8.119936 
624,8.119967 
625,8.170209 
626,8.170284 
627,8.170320 
628,8.170353 
629,8.220649 
630,8.220714 
631,8.220750 
632,8.220789 
633,8.271132 
634,8.271196 
635,8.271232 
636,8.271263 
637,8.321505 
638,8.321563 
639,8.321593 
640,8.321621 
641,8.371929 
642,8.372019 
643,8.372068 
644,8.372120 
645,8.422367 
646,8.422409 
647,8.422430 
648,8.422448 
649,8.472684 
650,8.472720 
651,8.472737 
652,8.472752 
653,8.523059 
654,8.523138 
655,8.523180 
656,8.523221 
657,8.573475 
658,8.573510 
659,8.573527 
660,8.573542 
661,8.623734 
662,8.623770 
663,8.623787 
664,8.623803 
665,8.674033 
666,8.674069 
667,8.674085 
668,8.674099 
669,8.724335 
670,8.724369 
671,8.724385 
672,8.724400 
673,8.774631 
674,8.774665 
675,8.774682 
676,8.774696 
677,8.825020 
678,8.825110 
679,8.825190 
680,8.825248 
681,8.875515 
682,8.875600 
683,8.875649 
684,8.875698 
685,8.925937 
686,8.925972 
687,8.925989 
688,8.926004 
689,8.976233 
690,8.976270 
691,8.976286 
692,8.976301 
693,9.026532 
694,9.026568 
695,9.026584 
696,9.026600 
697,9.076829 
698,9.076865 
699,9.076881 
700,9.076896 
701,9.127148 
702,9.127183 
703,9.127200 
704,9.127215 
705,9.177448 
706,9.177483 
707,9.177500 
708,9.177514 
709,9.227744 
710,9.227779 
711,9.227794 
712,9.227810 
713,9.278120 
714,9.278201 
715,9.278247 
716,9.278291 
717,9.328567 
718,9.328650 
719,9.328698 
720,9.328743 
721,9.379015 
722,9.379063 
723,9.379083 
724,9.379102 
725,9.429369 
726,9.429410 
727,9.429431 
728,9.429449 
729,9.479695 
730,9.479737 
731,9.479756 
732,9.479770 
733,9.530014 
734,9.530054 
735,9.530072 
736,9.530087 
737,9.580276 
738,9.580313 
739,9.580332 
740,9.580347 
741,9.630589 
742,9.630629 
743,9.630646 
744,9.630661 
745,9.680911 
746,9.680952 
747,9.680970 
748,9.680988 
749,9.731231 
750,9.731270 
751,9.731287 
752,9.731308 
753,9.781523 
754,9.781564 
755,9.781582 
756,9.781600 
757,9.831761 
758,9.831801 
759,9.831817 
760,9.831832 
761,9.882051 
762,9.882092 
763,9.882112 
764,9.882130 
765,9.932376 
766,9.932414 
767,9.932432 
768,9.932449 
769,9.982681 
770,9.982716 
771,9.982732 
772,9.982751 
773,10.032933 
774,10.032969 
775,10.032986 
776,10.033000 
777,10.083250 
778,10.083291 
779,10.083308 
780,10.083322 
781,10.133551 
782,10.133587 
783,10.133603 
784,10.133618 
785,10.183847 
786,10.183886 
787,10.183902 
788,10.183916 
789,10.234147 
790,10.234183 
791,10.234199 
792,10.234215 
793,10.284402 
794,10.284437 
795,10.284454 
796,10.284468 
797,10.334654 
798,10.334695 
799,10.334712 
800,10.334726 
801,10.384923 
802,10.384956 
803,10.384973 
804,10.384988 
805,10.435242 
806,10.435276 
807,10.435285 
808,10.435293 
809,10.485578 
810,10.485632 
811,10.485653 
812,10.485684 
813,10.535895 
814,10.535926 
815,10.535935 
816,10.535943 
817,10.586119 
818,10.586147 
819,10.586155 
820,10.586162 
821,10.636382 
822,10.636420 
823,10.636430 
824,10.636439 
825,10.686608 
826,10.686634 
827,10.686642 
828,10.686650 
829,10.736834 
830,10.736861 
831,10.736870 
832,10.736877 
833,10.787098 
834,10.787124 
835,10.787133 
836,10.787140 
837,10.837357 
838,10.837385 
839,10.837394 
840,10.837402 
841,10.887620 
842,10.887646 
843,10.887655 
844,10.887662 
845,10.937901 
846,10.937932 
847,10.937941 
848,10.937948 
849,10.988194 
850,10.988257 
851,10.988281 
852,10.988300 
853,11.038533 
854,11.038592 
855,11.038614 
856,11.038632 
857,11.088966 
858,11.089034 
859,11.089062 
860,11.089087 
861,11.139337 
862,11.139370 
863,11.139381 
864,11.139390 
865,11.189647 
866,11.189717 
867,11.189745 
868,11.189767 
869,11.239972 
870,11.240007 
871,11.240018 
872,11.240027 
873,11.290261 
874,11.290293 
875,11.290304 
876,11.290314 
877,11.340546 
878,11.340579 
879,11.340589 
880,11.340598 
881,11.390798 
882,11.390830 
883,11.390842 
884,11.390851 
885,11.441328 
886,11.441392 
887,11.441417 
888,11.441437 
889,11.491685 
890,11.491716 
891,11.491726 
892,11.491735 
893,11.541916 
894,11.541950 
895,11.541962 
896,11.541972 
897,11.592213 
898,11.592246 
899,11.592258 
900,11.592268 
901,11.642550 
902,11.642619 
903,11.642651 
904,11.642675 
905,11.692956 
906,11.693019 
907,11.693042 
908,11.693061 
909,11.743261 
910,11.743298 
911,11.743308 
912,11.743318 
913,11.793548 
914,11.793582 
915,11.793592 
916,11.793601 
917,11.843887 
918,11.843954 
919,11.843977 
920,11.844005 
921,11.894308 
922,11.894368 
923,11.894412 
924,11.894456 
925,11.944818 
926,11.944886 
927,11.944917 
928,11.944937 
929,11.995237 
930,11.995302 
931,11.995332 
932,11.995356 
933,12.045645 
934,12.045714 
935,12.045742 
936,12.045763 
937,12.096064 
938,12.096134 
939,12.096161 
940,12.096181 
941,12.146520 
942,12.146587 
943,12.146614 
944,12.146635 
945,12.196973 
946,12.197040 
947,12.197067 
948,12.197087 
949,12.247335 
950,12.247364 
951,12.247373 
952,12.247381 
953,12.297569 
954,12.297600 
955,12.297610 
956,12.297628 
957,12.347935 
958,12.347965 
959,12.347978 
960,12.347986 
961,12.398240 
962,12.398301 
963,12.398322 
964,12.398341 
965,12.448590 
966,12.448620 
967,12.448630 
968,12.448638 
969,12.498830 
970,12.498861 
971,12.498870 
972,12.498877 
973,12.549123 
974,12.549156 
975,12.549164 
976,12.549173 
977,12.599406 
978,12.599435 
979,12.599443 
980,12.599450 
981,12.649686 
982,12.649715 
983,12.649724 
984,12.649734 
985,12.699964 
986,12.699993 
987,12.700001 
988,12.700010 
989,12.750188 
990,12.750217 
991,12.750228 
992,12.750236 
993,12.800467 
994,12.800495 
995,12.800504 
996,12.800514 
997,12.850737 
998,12.850764 
999,12.850773 
1000,12.850780 
1001,12.901001 
1002,12.901027 
1003,12.901036 
1004,12.901043 
1005,12.951192 
1006,12.951219 
1007,12.951227 
1008,12.951235 
1009,13.001532 
1010,13.001591 
1011,13.001614 
1012,13.001632 
1013,13.051880 
1014,13.051911 
1015,13.051919 
1016,13.051928 
1017,13.102077 
1018,13.102104 
1019,13.102113 
1020,13.102121 
1021,13.152274 
1022,13.152301 
1023,13.152311 
1024,13.152318 
1025,13.202483 
1026,13.202511 
1027,13.202519 
1028,13.202527 
1029,13.252841 
1030,13.252908 
1031,13.252935 
1032,13.252955 
1033,13.303260 
1034,13.303356 
1035,13.303388 
1036,13.303410 
1037,13.353750 
1038,13.353816 
1039,13.353843 
1040,13.353863 
1041,13.404102 
1042,13.404137 
1043,13.404148 
1044,13.404158 
1045,13.454383 
1046,13.454409 
1047,13.454428 
1048,13.454437 
1049,13.504658 
1050,13.504686 
1051,13.504694 
1052,13.504702 
1053,13.554922 
1054,13.554950 
1055,13.554958 
1056,13.554965 
1057,13.605149 
1058,13.605175 
1059,13.605184 
1060,13.605191 
1061,13.655417 
1062,13.655445 
1063,13.655454 
1064,13.655462 
1065,13.705626 
1066,13.705653 
1067,13.705662 
1068,13.705670 
1069,13.755892 
1070,13.755919 
1071,13.755928 
1072,13.755935 
1073,13.806184 
1074,13.806211 
1075,13.806227 
1076,13.806242 
1077,13.856425 
1078,13.856455 
1079,13.856464 
1080,13.856472 
1081,13.906658 
1082,13.906685 
1083,13.906693 
1084,13.906701 
1085,13.956921 
1086,13.956949 
1087,13.956958 
1088,13.956965 
1089,14.007133 
1090,14.007160 
1091,14.007169 
1092,14.007176 
1093,14.057397 
1094,14.057424 
1095,14.057433 
1096,14.057441 
1097,14.107662 
1098,14.107826 
1099,14.107858 
1100,14.107876 
1101,14.158166 
1102,14.158215 
1103,14.158233 
1104,14.158249 
1105,14.208459 
1106,14.208526 
1107,14.208560 
1108,14.208591 
1109,14.258938 
1110,14.259006 
1111,14.259037 
1112,14.259061 
1113,14.309434 
1114,14.309500 
1115,14.309524 
1116,14.309545 
1117,14.359804 
1118,14.359838 
1119,14.359849 
1120,14.359858 
1121,14.410039 
1122,14.410068 
1123,14.410078 
1124,14.410086 
1125,14.460313 
1126,14.460346 
1127,14.460355 
1128,14.460364 
1129,14.510559 
1130,14.510589 
1131,14.510599 
1132,14.510608 
1133,14.560838 
1134,14.560869 
1135,14.560878 
1136,14.560886 
1137,14.611119 
1138,14.611153 
1139,14.611163 
1140,14.611262 
1141,14.661579 
1142,14.661643 
1143,14.661668 
1144,14.661689 
1145,14.711904 
1146,14.711938 
1147,14.711949 
1148,14.711958 
1149,14.762203 
1150,14.762254 
1151,14.762276 
1152,14.762296 
1153,14.812542 
1154,14.812588 
1155,14.812608 
1156,14.812626 
1157,14.862882 
1158,14.862922 
1159,14.862942 
1160,14.862962 
1161,14.913196 
1162,14.913231 
1163,14.913248 
1164,14.913264 
1165,14.963430 
1166,14.963459 
1167,14.963467 
1168,14.963474 
1169,15.013693 
1170,15.013721 
1171,15.013730 
1172,15.013737 
1173,15.063956 
1174,15.063983 
1175,15.063992 
1176,15.064000 
1177,15.114316 
1178,15.114384 
1179,15.114413 
1180,15.114439 
1181,15.164742 
1182,15.164808 
1183,15.164834 
1184,15.164854 
1185,15.215362 
1186,15.215466 
1187,15.215518 
1188,15.215549 
1189,15.265950 
1190,15.266021 
1191,15.266048 
1192,15.266070 
1193,15.316393 
1194,15.316462 
1195,15.316486 
1196,15.316507 
1197,15.366836 
1198,15.366906 
1199,15.366935 
1200,15.366957 
1201,15.417246 
1202,15.417282 
1203,15.417295 
1204,15.417304 
1205,15.467538 
1206,15.467569 
1207,15.467578 
1208,15.467585 
1209,15.517819 
1210,15.517849 
1211,15.517858 
1212,15.517866 
1213,15.568115 
1214,15.568147 
1215,15.568159 
1216,15.568167 
1217,15.618413 
1218,15.618468 
1219,15.618487 
1220,15.618503 
1221,15.668801 
1222,15.668854 
1223,15.668876 
1224,15.668891 
1225,15.719208 
1226,15.719259 
1227,15.719279 
1228,15.719295 
1229,15.769557 
1230,15.769612 
1231,15.769632 
1232,15.769649 
1233,15.819880 
1234,15.819944 
1235,15.819968 
1236,15.819989 
1237,15.870290 
1238,15.870357 
1239,15.870384 
1240,15.870405 
1241,15.920653 
1242,15.920686 
1243,15.920696 
1244,15.920705 
1245,15.970889 
1246,15.970920 
1247,15.970932 
1248,15.970941 
1249,16.021089 
1250,16.021120 
1251,16.021131 
1252,16.021140 
1253,16.071384 
1254,16.071447 
1255,16.071470 
1256,16.071490 
1257,16.121828 
1258,16.121936 
1259,16.121966 
1260,16.121987 
1261,16.172238 
1262,16.172272 
1263,16.172282 
1264,16.172292 
1265,16.222469 
1266,16.222500 
1267,16.222512 
1268,16.222521 
1269,16.272753 
1270,16.272784 
1271,16.272794 
1272,16.272804 
1273,16.323038 
1274,16.323071 
1275,16.323082 
1276,16.323091 
1277,16.373357 
1278,16.373402 
1279,16.373418 
1280,16.373431 
1281,16.423625 
1282,16.423653 
1283,16.423662 
1284,16.423669 
1285,16.473954 
1286,16.474002 
1287,16.474019 
1288,16.474034 
1289,16.524269 
1290,16.524296 
1291,16.524304 
1292,16.524311 
1293,16.574572 
1294,16.574618 
1295,16.574632 
1296,16.574645 
1297,16.624910 
1298,16.624954 
1299,16.624969 
1300,16.624982 
1301,16.675178 
1302,16.675205 
1303,16.675213 
1304,16.675222 
1305,16.725415 
1306,16.725542 
1307,16.725563 
1308,16.725581 
1309,16.775887 
1310,16.775942 
1311,16.775962 
1312,16.775978 
1313,16.826219 
1314,16.826281 
1315,16.826303 
1316,16.826319 
1317,16.876580 
1318,16.876635 
1319,16.876655 
1320,16.876672 
1321,16.926850 
1322,16.926878 
1323,16.926887 
1324,16.926895 
1325,16.977114 
1326,16.977143 
1327,16.977151 
1328,16.977158 
1329,17.027330 
1330,17.027359 
1331,17.027367 
1332,17.027375 
1333,17.077595 
1334,17.077626 
1335,17.077635 
1336,17.077642 
1337,17.127825 
1338,17.127853 
1339,17.127861 
1340,17.127870 
1341,17.178114 
1342,17.178143 
1343,17.178152 
1344,17.178160 
1345,17.228380 
1346,17.228407 
1347,17.228415 
1348,17.228426 
1349,17.278731 
1350,17.278792 
1351,17.278816 
1352,17.278833 
1353,17.329148 
1354,17.329213 
1355,17.329237 
1356,17.329256 
1357,17.379508 
1358,17.379572 
1359,17.379598 
1360,17.379617 
1361,17.429932 
1362,17.429959 
1363,17.429968 
1364,17.429976 
1365,17.480196 
1366,17.480224 
1367,17.480232 
1368,17.480240 
1369,17.530412 
1370,17.530442 
1371,17.530450 
1372,17.530458 
1373,17.580657 
1374,17.580691 
1375,17.580700 
1376,17.580708 
1377,17.630861 
1378,17.630887 
1379,17.630896 
1380,17.630903 
1381,17.681086 
1382,17.681113 
1383,17.681121 
1384,17.681129 
1385,17.731442 
1386,17.731508 
1387,17.731536 
1388,17.731557 
1389,17.781826 
1390,17.781992 
1391,17.782041 
1392,17.782080 
1393,17.832503 
1394,17.832583 
1395,17.832611 
1396,17.832632 
1397,17.882900 
1398,17.882962 
1399,17.882986 
1400,17.883005 
1401,17.933264 
1402,17.933302 
1403,17.933313 
1404,17.933324 
1405,17.983511 
1406,17.983545 
1407,17.983557 
1408,17.983566 
1409,18.033726 
1410,18.033761 
1411,18.033774 
1412,18.033800 
1413,18.084028 
1414,18.084077 
1415,18.084090 
1416,18.084192 
1417,18.134553 
1418,18.134626 
1419,18.134649 
1420,18.134669 
1421,18.185046 
1422,18.185144 
1423,18.185194 
1424,18.185242 
1425,18.235569 
1426,18.235653 
1427,18.235686 
1428,18.235707 
1429,18.286087 
1430,18.286180 
1431,18.286236 
1432,18.286283 
1433,18.336648 
1434,18.336716 
1435,18.336742 
1436,18.336763 
1437,18.387105 
1438,18.387190 
1439,18.387239 
1440,18.387282 
1441,18.437495 
1442,18.437530 
1443,18.437546 
1444,18.437561 
1445,18.487793 
1446,18.487834 
1447,18.487851 
1448,18.487874 
1449,18.538059 
1450,18.538097 
1451,18.538114 
1452,18.538128 
1453,18.588375 
1454,18.588444 
1455,18.588489 
1456,18.588523 
1457,18.638796 
1458,18.638831 
1459,18.638848 
1460,18.638863 
1461,18.689142 
1462,18.689237 
1463,18.689288 
1464,18.689337 
1465,18.739560 
1466,18.739599 
1467,18.739621 
1468,18.739639 
1469,18.789918 
1470,18.789963 
1471,18.789987 
1472,18.790007 
1473,18.840250 
1474,18.840302 
1475,18.840324 
1476,18.840342 
1477,18.890541 
1478,18.890581 
1479,18.890601 
1480,18.890619 
1481,18.940800 
1482,18.940835 
1483,18.940852 
1484,18.940866 
1485,18.991098 
1486,18.991133 
1487,18.991150 
1488,18.991167 
1489,19.041340 
1490,19.041376 
1491,19.041392 
1492,19.041408 
1493,19.091734 
1494,19.091827 
1495,19.091882 
1496,19.091933 
1497,19.142217 
1498,19.142262 
1499,19.142284 
1500,19.142302 
1501,19.192496 
1502,19.192544 
1503,19.192570 
1504,19.192592 
1505,19.242845 
1506,19.242892 
1507,19.242913 
1508,19.242930 
1509,19.293177 
1510,19.293223 
1511,19.293243 
1512,19.293262 
1513,19.343480 
1514,19.343519 
1515,19.343540 
1516,19.343558 
1517,19.393813 
1518,19.393859 
1519,19.393909 
1520,19.393930 
1521,19.444111 
1522,19.444146 
1523,19.444163 
1524,19.444178 
1525,19.494467 
1526,19.494552 
1527,19.494592 
1528,19.494629 
1529,19.544844 
1530,19.544905 
1531,19.544940 
1532,19.544971 
1533,19.595227 
1534,19.595262 
1535,19.595278 
1536,19.595293 
1537,19.645584 
1538,19.645674 
1539,19.645729 
1540,19.645791 
1541,19.695988 
1542,19.696028 
1543,19.696047 
1544,19.696064 
1545,19.746305 
1546,19.746349 
1547,19.746369 
1548,19.746386 
1549,19.796629 
1550,19.796672 
1551,19.796691 
1552,19.796708 
1553,19.846950 
1554,19.846992 
1555,19.847011 
1556,19.847028 
1557,19.897330 
1558,19.897420 
1559,19.897473 
1560,19.897523 
1561,19.947832 
1562,19.947878 
1563,19.947899 
1564,19.947917 
1565,19.998167 
1566,19.998213 
1567,19.998234 
1568,19.998253 
1569,20.048498 
1570,20.048543 
1571,20.048565 
1572,20.048583 
1573,20.098830 
1574,20.098876 
1575,20.098897 
1576,20.098915 
1577,20.149108 
1578,20.149157 
1579,20.149181 
1580,20.149201 
1581,20.199551 
1582,20.199644 
1583,20.199697 
1584,20.199749 
1585,20.250087 
1586,20.250178 
1587,20.250232 
1588,20.250287 
1589,20.300617 
1590,20.300707 
1591,20.300762 
1592,20.300824 
1593,20.351158 
1594,20.351281 
1595,20.351333 
1596,20.351388 
1597,20.401773 
1598,20.401875 
1599,20.401968 
1600,20.401995 
1601,20.452244 
1602,20.452281 
1603,20.452299 
1604,20.452316 
1605,20.502563 
1606,20.502602 
1607,20.502617 
1608,20.502634 
1609,20.552841 
1610,20.552879 
1611,20.552897 
1612,20.552913 
1613,20.603100 
1614,20.603143 
1615,20.603161 
1616,20.603176 
1617,20.653385 
1618,20.653422 
1619,20.653439 
1620,20.653454 
1621,20.703698 
1622,20.703739 
1623,20.703755 
1624,20.703771 
1625,20.753979 
1626,20.754014 
1627,20.754030 
1628,20.754045 
1629,20.804224 
1630,20.804259 
1631,20.804275 
1632,20.804290 
1633,20.854481 
1634,20.854517 
1635,20.854534 
1636,20.854548 
1637,20.904768 
1638,20.904803 
1639,20.904819 
1640,20.904834 
1641,20.955007 
1642,20.955043 
1643,20.955059 
1644,20.955074 
1645,21.005388 
1646,21.005422 
1647,21.005439 
1648,21.005454 
1649,21.055712 
1650,21.055813 
1651,21.055862 
1652,21.055911 
1653,21.106522 
1654,21.106608 
1655,21.106653 
1656,21.106695 
1657,21.156941 
1658,21.157024 
1659,21.157072 
1660,21.157112 
1661,21.207461 
1662,21.207540 
1663,21.207588 
1664,21.207637 
1665,21.258013 
1666,21.258067 
1667,21.258089 
1668,21.258107 
1669,21.308460 
1670,21.308521 
1671,21.308543 
1672,21.308561 
1673,21.358889 
1674,21.358947 
1675,21.358966 
1676,21.358984 
1677,21.409232 
1678,21.409264 
1679,21.409275 
1680,21.409284 
1681,21.459511 
1682,21.459537 
1683,21.459546 
1684,21.459553 
1685,21.509727 
1686,21.509754 
1687,21.509762 
1688,21.509770 
1689,21.560003 
1690,21.560035 
1691,21.560046 
1692,21.560055 
1693,21.610378 
1694,21.610445 
1695,21.610471 
1696,21.610492 
1697,21.660746 
1698,21.660777 
1699,21.660787 
1700,21.660798 
1701,21.710995 
1702,21.711028 
1703,21.711039 
1704,21.711048 
1705,21.761364 
1706,21.761437 
1707,21.761485 
1708,21.761527 
1709,21.811884 
1710,21.811952 
1711,21.811978 
1712,21.812002 
1713,21.862256 
1714,21.862288 
1715,21.862298 
1716,21.862308 
1717,21.912627 
1718,21.912694 
1719,21.912868 
1720,21.912897 
1721,21.963098 
1722,21.963133 
1723,21.963143 
1724,21.963153 
1725,22.013337 
1726,22.013376 
1727,22.013387 
1728,22.013396 
1729,22.063630 
1730,22.063664 
1731,22.063674 
1732,22.063683 
1733,22.113982 
1734,22.114053 
1735,22.114077 
1736,22.114096 
1737,22.164374 
1738,22.164443 
1739,22.164467 
1740,22.164487 
1741,22.214799 
1742,22.214865 
1743,22.214889 
1744,22.214910 
1745,22.265245 
1746,22.265309 
1747,22.265337 
1748,22.265358 
1749,22.315608 
1750,22.315641 
1751,22.315652 
1752,22.315661 
1753,22.365858 
1754,22.365951 
1755,22.365977 
1756,22.365997 
1757,22.416334 
1758,22.416399 
1759,22.416429 
1760,22.416452 
1761,22.466794 
1762,22.466865 
1763,22.466890 
1764,22.466910 
1765,22.517242 
1766,22.517308 
1767,22.517334 
1768,22.517355 
1769,22.567624 
1770,22.567698 
1771,22.567729 
1772,22.567751 
1773,22.618003 
1774,22.618037 
1775,22.618047 
1776,22.618057 
1777,22.668277 
1778,22.668304 
1779,22.668314 
1780,22.668322 
1781,22.718562 
1782,22.718594 
1783,22.718603 
1784,22.718610 
1785,22.768806 
1786,22.768840 
1787,22.768850 
1788,22.768857 
1789,22.819098 
1790,22.819129 
1791,22.819139 
1792,22.819147 
1793,22.869350 
1794,22.869379 
1795,22.869388 
1796,22.869396 
1797,22.919641 
1798,22.919673 
1799,22.919684 
1800,22.919695 
1801,22.969918 
1802,22.969950 
1803,22.969961 
1804,22.969977 
1805,23.020159 
1806,23.020190 
1807,23.020199 
1808,23.020206 
1809,23.070382 
1810,23.070414 
1811,23.070422 
1812,23.070430 
1813,23.120667 
1814,23.120696 
1815,23.120705 
1816,23.120712 
1817,23.170887 
1818,23.170915 
1819,23.170923 
1820,23.170932 
1821,23.221107 
1822,23.221137 
1823,23.221149 
1824,23.221157 
1825,23.271337 
1826,23.271376 
1827,23.271396 
1828,23.271410 
1829,23.321616 
1830,23.321655 
1831,23.321672 
1832,23.321687 
1833,23.371921 
1834,23.371956 
1835,23.371972 
1836,23.371986 
1837,23.422252 
1838,23.422346 
1839,23.422421 
1840,23.422485 
1841,23.472757 
1842,23.472842 
1843,23.472888 
1844,23.472934 
1845,23.523301 
1846,23.523391 
1847,23.523442 
1848,23.523493 
1849,23.573935 
1850,23.574033 
1851,23.574084 
1852,23.574138 
1853,23.624514 
1854,23.624604 
1855,23.624657 
1856,23.624707 
1857,23.674940 
1858,23.674990 
1859,23.675014 
1860,23.675035 
1861,23.725251 
1862,23.725299 
1863,23.725320 
1864,23.725339 
1865,23.775684 
1866,23.775776 
1867,23.775829 
1868,23.775912 
1869,23.826185 
1870,23.826220 
1871,23.826235 
1872,23.826251 
1873,23.876480 
1874,23.876515 
1875,23.876532 
1876,23.876546 
1877,23.926749 
1878,23.926785 
1879,23.926802 
1880,23.926817 
1881,23.977001 
1882,23.977036 
1883,23.977052 
1884,23.977067 
1885,24.027250 
1886,24.027290 
1887,24.027312 
1888,24.027330 
1889,24.077575 
1890,24.077622 
1891,24.077645 
1892,24.077670 
1893,24.127878 
1894,24.127917 
1895,24.127938 
1896,24.127957 
1897,24.178205 
1898,24.178251 
1899,24.178271 
1900,24.178290 
1901,24.228539 
1902,24.228585 
1903,24.228606 
1904,24.228625 
1905,24.278964 
1906,24.279055 
1907,24.279108 
1908,24.279154 
1909,24.329491 
1910,24.329581 
1911,24.329636 
1912,24.329687 
1913,24.379991 
1914,24.380090 
1915,24.380141 
1916,24.380196 
1917,24.430471 
1918,24.430505 
1919,24.430522 
1920,24.430537 
1921,24.480732 
1922,24.480767 
1923,24.480785 
1924,24.480800 
1925,24.531034 
1926,24.531070 
1927,24.531087 
1928,24.531102 
1929,24.581332 
1930,24.581367 
1931,24.581383 
1932,24.581398 
1933,24.631573 
1934,24.631608 
1935,24.631625 
1936,24.631639 
1937,24.681869 
1938,24.681931 
1939,24.681947 
1940,24.681962 
1941,24.732273 
1942,24.732356 
1943,24.732398 
1944,24.732438 
1945,24.782744 
1946,24.782833 
1947,24.782886 
1948,24.782939 
1949,24.833313 
1950,24.833405 
1951,24.833456 
1952,24.833506 
1953,24.883949 
1954,24.884046 
1955,24.884102 
1956,24.884166 
1957,24.934435 
1958,24.934471 
1959,24.934487 
1960,24.934502 
1961,24.984734 
1962,24.984770 
1963,24.984787 
1964,24.984802 
1965,25.035043 
1966,25.035077 
1967,25.035094 
1968,25.035111 
1969,25.085297 
1970,25.085335 
1971,25.085352 
1972,25.085366 
1973,25.135579 
1974,25.135617 
1975,25.135633 
1976,25.135648 
1977,25.185945 
1978,25.186014 
1979,25.186058 
1980,25.186088 
1981,25.236360 
1982,25.236428 
1983,25.236460 
1984,25.236488 
1985,25.286880 
1986,25.286983 
1987,25.287279 
1988,25.287527 
1989,25.337744 
1990,25.337789 
1991,25.337812 
1992,25.337833 
1993,25.388095 
1994,25.388143 
1995,25.388165 
1996,25.388186 
1997,25.438451 
1998,25.438488 
1999,25.438504 
2000,25.438522 
2001,25.488767 
2002,25.488810 
2003,25.488826 
2004,25.488842 
2005,25.539091 
2006,25.539128 
2007,25.539145 
2008,25.539163 
2009,25.589350 
2010,25.589395 
2011,25.589414 
2012,25.589429 
2013,25.639763 
2014,25.639851 
2015,25.639903 
2016,25.639953 
2017,25.690422 
2018,25.690503 
2019,25.690550 
2020,25.690593 
2021,25.740963 
2022,25.741053 
2023,25.741104 
2024,25.741153 
2025,25.791404 
2026,25.791451 
2027,25.791472 
2028,25.791491 
2029,25.841729 
2030,25.841764 
2031,25.841780 
2032,25.841795 
2033,25.892095 
2034,25.892168 
2035,25.892210 
2036,25.892249 
2037,25.942516 
2038,25.942550 
2039,25.942567 
2040,25.942582 
2041,25.992812 
2042,25.992847 
2043,25.992864 
2044,25.992879 
2045,26.043056 
2046,26.043093 
2047,26.043109 
2048,26.043124 
2049,26.093360 
2050,26.093396 
2051,26.093412 
2052,26.093426 
2053,26.143717 
2054,26.143807 
2055,26.143862 
2056,26.143912 
2057,26.194288 
2058,26.194376 
2059,26.194436 
2060,26.194490 
2061,26.244823 
2062,26.244915 
2063,26.244971 
2064,26.245024 
2065,26.295399 
2066,26.295732 
2067,26.295805 
2068,26.295842 
2069,26.346170 
2070,26.346259 
2071,26.346313 
2072,26.346364 
2073,26.396736 
2074,26.396787 
2075,26.396807 
2076,26.396823 
2077,26.447058 
2078,26.447093 
2079,26.447110 
2080,26.447125 
2081,26.497306 
2082,26.497340 
2083,26.497357 
2084,26.497371 
2085,26.547600 
2086,26.547634 
2087,26.547651 
2088,26.547666 
2089,26.597849 
2090,26.597915 
2091,26.597943 
2092,26.597960 
2093,26.648193 
2094,26.648228 
2095,26.648244 
2096,26.648262 
2097,26.698497 
2098,26.698534 
2099,26.698550 
2100,26.698565 
2101,26.748950 
2102,26.749033 
2103,26.749060 
2104,26.749081 
2105,26.799346 
2106,26.799413 
2107,26.799446 
2108,26.799468 
2109,26.849784 
2110,26.849931 
2111,26.849991 
2112,26.850045 
2113,26.900285 
2114,26.900319 
2115,26.900330 
2116,26.900340 
2117,26.950505 
2118,26.950531 
2119,26.950540 
2120,26.950547 
2121,27.000766 
2122,27.000793 
2123,27.000801 
2124,27.000808 
2125,27.051028 
2126,27.051056 
2127,27.051065 
2128,27.051072 
2129,27.101292 
2130,27.101320 
2131,27.101328 
2132,27.101335 
2133,27.151568 
2134,27.151632 
2135,27.151660 
2136,27.151686 
2137,27.202053 
2138,27.202118 
2139,27.202142 
2140,27.202163 
2141,27.252494 
2142,27.252560 
2143,27.252589 
2144,27.252610 
2145,27.302945 
2146,27.303011 
2147,27.303038 
2148,27.303058 
2149,27.353298 
2150,27.353362 
2151,27.353386 
2152,27.353405 
2153,27.403655 
2154,27.403689 
2155,27.403699 
2156,27.403709 
2157,27.453948 
2158,27.453976 
2159,27.453984 
2160,27.453992 
2161,27.504240 
2162,27.504269 
2163,27.504277 
2164,27.504285 
2165,27.554486 
2166,27.554604 
2167,27.554620 
2168,27.554635 
2169,27.604852 
2170,27.604882 
2171,27.604891 
2172,27.604898 
2173,27.655185 
2174,27.655236 
2175,27.655254 
2176,27.655272 
2177,27.705661 
2178,27.705714 
2179,27.705745 
2180,27.705774 
2181,27.756084 
2182,27.756130 
2183,27.756150 
2184,27.756166 
2185,27.806439 
2186,27.806509 
2187,27.806534 
2188,27.806556 
2189,27.856819 
2190,27.856857 
2191,27.856866 
2192,27.856877 
2193,27.907064 
2194,27.907095 
2195,27.907104 
2196,27.907112 
2197,27.957413 
2198,27.957473 
2199,27.957496 
2200,27.957514 
2201,28.007792 
2202,28.007854 
2203,28.007878 
2204,28.007899 
2205,28.058248 
2206,28.058355 
2207,28.058398 
2208,28.058420 
2209,28.108744 
2210,28.108805 
2211,28.108828 
2212,28.108846 
2213,28.159012 
2214,28.159041 
2215,28.159052 
2216,28.159060 
2217,28.209375 
2218,28.209405 
2219,28.209415 
2220,28.209424 
2221,28.259611 
2222,28.259638 
2223,28.259646 
2224,28.259654 
2225,28.309912 
2226,28.309958 
2227,28.309972 
2228,28.309982 
2229,28.360160 
2230,28.360192 
2231,28.360202 
2232,28.360212 
2233,28.410377 
2234,28.410404 
2235,28.410414 
2236,28.410422 
2237,28.460641 
2238,28.460668 
2239,28.460680 
2240,28.460688 
2241,28.510854 
2242,28.510880 
2243,28.510890 
2244,28.510898 
2245,28.561118 
2246,28.561145 
2247,28.561154 
2248,28.561162 
2249,28.611382 
2250,28.611410 
2251,28.611419 
2252,28.611426 
2253,28.661610 
2254,28.661638 
2255,28.661650 
2256,28.661659 
2257,28.711845 
2258,28.711883 
2259,28.711896 
2260,28.711905 
2261,28.762081 
2262,28.762106 
2263,28.762114 
2264,28.762122 
2265,28.812448 
2266,28.812514 
2267,28.812541 
2268,28.812562 
2269,28.862741 
2270,28.862784 
2271,28.862798 
2272,28.862809 
2273,28.913033 
2274,28.913061 
2275,28.913070 
2276,28.913078 
2277,28.963243 
2278,28.963272 
2279,28.963288 
2280,28.963302 
2281,29.013449 
2282,29.013476 
2283,29.013485 
2284,29.013493 
2285,29.063794 
2286,29.063855 
2287,29.063877 
2288,29.063896 
2289,29.114217 
2290,29.114278 
2291,29.114300 
2292,29.114319 
2293,29.164652 
2294,29.164721 
2295,29.164749 
2296,29.164770 
2297,29.215023 
2298,29.215056 
2299,29.215066 
2300,29.215075 
2301,29.265311 
2302,29.265344 
2303,29.265355 
2304,29.265363 
2305,29.315558 
2306,29.315592 
2307,29.315603 
2308,29.315613 
2309,29.365841 
2310,29.365936 
2311,29.365980 
2312,29.366003 
2313,29.416280 
2314,29.416349 
2315,29.416384 
2316,29.416407 
2317,29.466661 
2318,29.466695 
2319,29.466705 
2320,29.466714 
2321,29.517031 
2322,29.517097 
2323,29.517124 
2324,29.517146 
2325,29.567398 
2326,29.567432 
2327,29.567442 
2328,29.567451 
2329,29.617648 
2330,29.617681 
2331,29.617692 
2332,29.617701 
2333,29.667937 
2334,29.667969 
2335,29.667980 
2336,29.667989 
2337,29.718226 
2338,29.718258 
2339,29.718269 
2340,29.718280 
2341,29.768514 
2342,29.768546 
2343,29.768557 
2344,29.768566 
2345,29.818766 
2346,29.818798 
2347,29.818808 
2348,29.818818 
2349,29.869056 
2350,29.869087 
2351,29.869097 
2352,29.869107 
2353,29.919338 
2354,29.919370 
2355,29.919380 
2356,29.919389 
2357,29.969623 
2358,29.969655 
2359,29.969664 
2360,29.969673 
2361,30.020014 
2362,30.020083 
2363,30.020113 
2364,30.020138 
2365,30.070352 
2366,30.070388 
2367,30.070399 
2368,30.070409 
2369,30.120643 
2370,30.120674 
2371,30.120685 
2372,30.120694 
2373,30.171019 
2374,30.171084 
2375,30.171112 
2376,30.171147 
2377,30.221471 
2378,30.221538 
2379,30.221565 
2380,30.221584 
2381,30.271790 
2382,30.271825 
2383,30.271837 
2384,30.271846 
2385,30.322076 
2386,30.322108 
2387,30.322118 
2388,30.322128 
2389,30.372470 
2390,30.372545 
2391,30.372569 
2392,30.372590 
2393,30.422797 
2394,30.422829 
2395,30.422838 
2396,30.422846 
2397,30.473050 
2398,30.473081 
2399,30.473091 
2400,30.473100 
2401,30.523288 
2402,30.523323 
2403,30.523334 
2404,30.523343 
2405,30.573682 
2406,30.573754 
2407,30.573780 
2408,30.573801 
2409,30.623985 
2410,30.624019 
2411,30.624029 
2412,30.624038 
2413,30.674251 
2414,30.674285 
2415,30.674296 
2416,30.674305 
2417,30.724579 
2418,30.724627 
2419,30.724649 
2420,30.724668 
2421,30.774917 
2422,30.774951 
2423,30.774974 
2424,30.774987 
2425,30.825150 
2426,30.825181 
2427,30.825192 
2428,30.825201 
2429,30.875435 
2430,30.875467 
2431,30.875477 
2432,30.875486 
2433,30.925663 
2434,30.925694 
2435,30.925705 
2436,30.925716 
2437,30.975952 
2438,30.975985 
2439,30.975995 
2440,30.976004 
2441,31.026204 
2442,31.026240 
2443,31.026251 
2444,31.026259 
2445,31.076492 
2446,31.076526 
2447,31.076536 
2448,31.076545 
2449,31.126745 
2450,31.126779 
2451,31.126789 
2452,31.126800 
2453,31.177034 
2454,31.177066 
2455,31.177075 
2456,31.177085 
2457,31.227310 
2458,31.227342 
2459,31.227353 
2460,31.227363 
2461,31.277597 
2462,31.277630 
2463,31.277642 
2464,31.277651 
2465,31.327892 
2466,31.327923 
2467,31.327934 
2468,31.327943 
2469,31.378124 
2470,31.378155 
2471,31.378165 
2472,31.378175 
2473,31.428397 
2474,31.428424 
2475,31.428433 
2476,31.428444 
2477,31.478665 
2478,31.478694 
2479,31.478702 
2480,31.478779 
2481,31.529004 
2482,31.529031 
2483,31.529041 
2484,31.529048 
2485,31.579214 
2486,31.579241 
2487,31.579249 
2488,31.579257 
2489,31.629478 
2490,31.629508 
2491,31.629516 
2492,31.629524 
2493,31.679695 
2494,31.679725 
2495,31.679734 
2496,31.679741 
2497,31.729964 
2498,31.729991 
2499,31.730000 
2500,31.730008 
2501,31.780193 
2502,31.780221 
2503,31.780230 
2504,31.780237 
2505,31.830565 
2506,31.830638 
2507,31.830662 
2508,31.830683 
2509,31.881020 
2510,31.881084 
2511,31.881114 
2512,31.881133 
2513,31.931338 
2514,31.931364 
2515,31.931373 
2516,31.931381 
2517,31.981602 
2518,31.981629 
2519,31.981638 
2520,31.981645 
2521,32.031831 
2522,32.031858 
2523,32.031867 
2524,32.031874 
2525,32.082050 
2526,32.082077 
2527,32.082088 
2528,32.082096 
2529,32.132280 
2530,32.132308 
2531,32.132316 
2532,32.132324 
2533,32.182626 
2534,32.182687 
2535,32.182710 
2536,32.182730 
2537,32.233066 
2538,32.233127 
2539,32.233151 
2540,32.233170 
2541,32.283417 
2542,32.283451 
2543,32.283461 
2544,32.283470 
2545,32.333665 
2546,32.333695 
2547,32.333706 
2548,32.333714 
2549,32.383948 
2550,32.383981 
2551,32.383992 
2552,32.384001 
2553,32.434238 
2554,32.434283 
2555,32.434293 
2556,32.434300 
2557,32.484522 
2558,32.484631 
2559,32.484651 
2560,32.484666 
2561,32.534866 
2562,32.534894 
2563,32.534903 
2564,32.534912 
2565,32.585134 
2566,32.585161 
2567,32.585170 
2568,32.585178 
2569,32.635400 
2570,32.635430 
2571,32.635439 
2572,32.635449 
2573,32.685670 
2574,32.685696 
2575,32.685704 
2576,32.685712 
2577,32.735947 
2578,32.736012 
2579,32.736039 
2580,32.736058 
2581,32.786397 
2582,32.786467 
2583,32.786498 
2584,32.786526 
2585,32.836831 
2586,32.836898 
2587,32.836924 
2588,32.836949 
2589,32.887156 
2590,32.887186 
2591,32.887197 
2592,32.887206 
2593,32.937374 
2594,32.937401 
2595,32.937409 
2596,32.937417 
2597,32.987694 
2598,32.987723 
2599,32.987731 
2600,32.987739 
2601,33.037959 
2602,33.037986 
2603,33.037995 
2604,33.038002 
2605,33.088224 
2606,33.088251 
2607,33.088260 
2608,33.088267 
2609,33.138488 
2610,33.138515 
2611,33.138523 
2612,33.138531 
2613,33.188780 
2614,33.188834 
2615,33.188854 
2616,33.188870 
2617,33.239161 
2618,33.239228 
2619,33.239257 
2620,33.239277 
2621,33.289616 
2622,33.289685 
2623,33.289717 
2624,33.289742 
2625,33.340108 
2626,33.340180 
2627,33.340204 
2628,33.340224 
2629,33.390405 
2630,33.390440 
2631,33.390453 
2632,33.390462 
2633,33.440711 
2634,33.440746 
2635,33.440757 
2636,33.440766 
2637,33.491106 
2638,33.491177 
2639,33.491202 
2640,33.491223 
2641,33.541576 
2642,33.541649 
2643,33.541676 
2644,33.541698 
2645,33.591957 
2646,33.592020 
2647,33.592044 
2648,33.592068 
2649,33.642431 
2650,33.642506 
2651,33.642530 
2652,33.642550 
2653,33.692872 
2654,33.692945 
2655,33.692970 
2656,33.692990 
2657,33.743324 
2658,33.743392 
2659,33.743419 
2660,33.743440 
2661,33.793678 
2662,33.793747 
2663,33.793771 
2664,33.793792 
2665,33.844129 
2666,33.844196 
2667,33.844231 
2668,33.844253 
2669,33.894506 
2670,33.894540 
2671,33.894550 
2672,33.894559 
2673,33.944783 
2674,33.944810 
2675,33.944818 
2676,33.944826 
2677,33.995006 
2678,33.995043 
2679,33.995134 
2680,33.995147 
2681,34.045337 
2682,34.045383 
2683,34.045404 
2684,34.045423 
2685,34.095668 
2686,34.095737 
2687,34.095763 
2688,34.095785 
2689,34.145992 
2690,34.146019 
2691,34.146027 
2692,34.146035 
2693,34.196218 
2694,34.196246 
2695,34.196255 
2696,34.196263 
2697,34.246485 
2698,34.246511 
2699,34.246520 
2700,34.246528 
2701,34.296860 
2702,34.296922 
2703,34.296943 
2704,34.296962 
2705,34.347282 
2706,34.347342 
2707,34.347372 
2708,34.347391 
2709,34.397626 
2710,34.397653 
2711,34.397662 
2712,34.397676 
2713,34.447849 
2714,34.447876 
2715,34.447886 
2716,34.447894 
2717,34.498198 
2718,34.498224 
2719,34.498233 
2720,34.498240 
2721,34.548465 
2722,34.548493 
2723,34.548501 
2724,34.548509 
2725,34.598704 
2726,34.598739 
2727,34.598757 
2728,34.598772 
2729,34.649002 
2730,34.649037 
2731,34.649054 
2732,34.649068 
2733,34.699393 
2734,34.699469 
2735,34.699511 
2736,34.699552 
2737,34.749949 
2738,34.750028 
2739,34.750070 
2740,34.750114 
2741,34.800462 
2742,34.800543 
2743,34.800592 
2744,34.800636 
2745,34.850922 
2746,34.850968 
2747,34.850989 
2748,34.851007 
2749,34.901221 
2750,34.901267 
2751,34.901288 
2752,34.901307 
2753,34.951585 
2754,34.951620 
2755,34.951637 
2756,34.951652 
2757,35.001920 
2758,35.001958 
2759,35.001976 
2760,35.001996 
2761,35.052227 
2762,35.052263 
2763,35.052280 
2764,35.052295 
2765,35.102593 
2766,35.102667 
2767,35.102709 
2768,35.102750 
2769,35.152982 
2770,35.153018 
2771,35.153035 
2772,35.153049 
2773,35.203280 
2774,35.203321 
2775,35.203337 
2776,35.203352 
2777,35.253588 
2778,35.253623 
2779,35.253639 
2780,35.253654 
2781,35.303884 
2782,35.303918 
2783,35.303934 
2784,35.303949 
2785,35.354179 
2786,35.354214 
2787,35.354231 
2788,35.354245 
2789,35.404580 
2790,35.404656 
2791,35.404698 
2792,35.404736 
2793,35.455010 
2794,35.455045 
2795,35.455061 
2796,35.455076 
2797,35.505259 
2798,35.505293 
2799,35.505309 
2800,35.505323 
2801,35.555635 
2802,35.555719 
2803,35.555770 
2804,35.555825 
2805,35.606096 
2806,35.606133 
2807,35.606152 
2808,35.606167 
2809,35.656350 
2810,35.656385 
2811,35.656401 
2812,35.656418 
2813,35.706648 
2814,35.706683 
2815,35.706699 
2816,35.706713 
2817,35.756949 
2818,35.756984 
2819,35.757000 
2820,35.757015 
2821,35.807348 
2822,35.807441 
2823,35.807487 
2824,35.807532 
2825,35.857980 
2826,35.858078 
2827,35.858125 
2828,35.858178 
2829,35.908427 
2830,35.908480 
2831,35.908503 
2832,35.908523 
2833,35.958847 
2834,35.958945 
2835,35.959003 
2836,35.959061 
2837,36.009463 
2838,36.009562 
2839,36.009620 
2840,36.009675 
2841,36.059898 
2842,36.059942 
2843,36.059965 
2844,36.059985 
2845,36.110254 
2846,36.110351 
2847,36.110399 
2848,36.110451 
2849,36.160848 
2850,36.160944 
2851,36.160996 
2852,36.161050 
2853,36.211433 
2854,36.211522 
2855,36.211575 
2856,36.211622 
2857,36.261936 
2858,36.261976 
2859,36.261996 
2860,36.262014 
2861,36.312312 
2862,36.312400 
2863,36.312452 
2864,36.312500 
2865,36.362900 
2866,36.363024 
2867,36.363075 
2868,36.363098 
2869,36.413349 
2870,36.413381 
2871,36.413392 
2872,36.413401 
2873,36.463633 
2874,36.463665 
2875,36.463676 
2876,36.463686 
2877,36.513939 
2878,36.513970 
2879,36.513981 
2880,36.513990 
2881,36.564172 
2882,36.564208 
2883,36.564219 
2884,36.564228 
2885,36.614462 
2886,36.614495 
2887,36.614506 
2888,36.614515 
2889,36.664834 
2890,36.664901 
2891,36.664929 
2892,36.664948 
2893,36.715163 
2894,36.715197 
2895,36.715207 
2896,36.715216 
2897,36.765397 
2898,36.765432 
2899,36.765444 
2900,36.765453 
2901,36.815696 
2902,36.815757 
2903,36.815782 
2904,36.815804 
2905,36.866140 
2906,36.866204 
2907,36.866230 
2908,36.866251 
2909,36.916411 
2910,36.916438 
2911,36.916446 
2912,36.916454 
2913,36.966631 
2914,36.966658 
2915,36.966666 
2916,36.966673 
2917,37.016912 
2918,37.016941 
2919,37.016949 
2920,37.016957 
2921,37.067257 
2922,37.067319 
2923,37.067342 
2924,37.067359 
2925,37.117607 
2926,37.117640 
2927,37.117651 
2928,37.117661 
2929,37.167861 
2930,37.167895 
2931,37.167906 
2932,37.167914 
2933,37.218149 
2934,37.218202 
2935,37.218222 
2936,37.218241 
2937,37.268415 
2938,37.268450 
2939,37.268462 
2940,37.268471 
2941,37.318637 
2942,37.318669 
2943,37.318680 
2944,37.318689 
2945,37.368926 
2946,37.368958 
2947,37.368969 
2948,37.368978 
2949,37.419149 
2950,37.419181 
2951,37.419190 
2952,37.419198 
2953,37.469416 
2954,37.469444 
2955,37.469453 
2956,37.469460 
2957,37.519699 
2958,37.519733 
2959,37.519745 
2960,37.519755 
2961,37.569998 
2962,37.570035 
2963,37.570046 
2964,37.570056 
2965,37.620306 
2966,37.620377 
2967,37.620406 
2968,37.620427 
2969,37.670676 
2970,37.670710 
2971,37.670721 
2972,37.670730 
2973,37.720962 
2974,37.720995 
2975,37.721006 
2976,37.721015 
2977,37.771333 
2978,37.771399 
2979,37.771427 
2980,37.771447 
2981,37.821744 
2982,37.821809 
2983,37.821839 
2984,37.821860 
2985,37.872207 
2986,37.872272 
2987,37.872300 
2988,37.872322 
2989,37.922663 
2990,37.922729 
2991,37.922756 
2992,37.922777 
2993,37.973112 
2994,37.973178 
2995,37.973206 
2996,37.973226 
2997,38.023440 
2998,38.023473 
2999,38.023484 
3000,38.023494 
3001,38.073811 
3002,38.073876 
3003,38.073952 
3004,38.073974 
3005,38.124217 
3006,38.124245 
3007,38.124254 
3008,38.124262 
3009,38.174484 
3010,38.174511 
3011,38.174519 
3012,38.174526 
3013,38.224711 
3014,38.224739 
3015,38.224757 
3016,38.224765 
3017,38.275064 
3018,38.275119 
3019,38.275136 
3020,38.275150 
3021,38.325437 
3022,38.325482 
3023,38.325498 
3024,38.325513 
3025,38.375763 
3026,38.375808 
3027,38.375825 
3028,38.375839 
3029,38.426083 
3030,38.426111 
3031,38.426122 
3032,38.426130 
3033,38.476355 
3034,38.476415 
3035,38.476433 
3036,38.476446 
3037,38.526745 
3038,38.526794 
3039,38.526810 
3040,38.526824 
3041,38.577090 
3042,38.577155 
3043,38.577179 
3044,38.577201 
3045,38.627554 
3046,38.627628 
3047,38.627654 
3048,38.627675 
3049,38.677983 
3050,38.678045 
3051,38.678070 
3052,38.678091 
3053,38.728448 
3054,38.728517 
3055,38.728544 
3056,38.728564 
3057,38.778879 
3058,38.778972 
3059,38.779020 
3060,38.779068 
3061,38.829355 
3062,38.829405 
3063,38.829426 
3064,38.829445 
3065,38.879665 
3066,38.879706 
3067,38.879725 
3068,38.879743 
3069,38.930163 
3070,38.930224 
3071,38.930248 
3072,38.930269 
3073,38.980474 
3074,38.980501 
3075,38.980510 
3076,38.980517 
3077,39.030742 
3078,39.030771 
3079,39.030781 
3080,39.030788 
3081,39.081007 
3082,39.081034 
3083,39.081043 
3084,39.081050 
3085,39.131235 
3086,39.131263 
3087,39.131271 
3088,39.131278 
3089,39.181511 
3090,39.181538 
3091,39.181546 
3092,39.181553 
3093,39.231837 
3094,39.231951 
3095,39.232000 
3096,39.232047 
3097,39.282338 
3098,39.282384 
3099,39.282408 
3100,39.282427 
3101,39.332745 
3102,39.332830 
3103,39.332879 
3104,39.332925 
3105,39.383231 
3106,39.383326 
3107,39.383381 
3108,39.383437 
3109,39.433720 
3110,39.433755 
3111,39.433773 
3112,39.433788 
3113,39.484025 
3114,39.484063 
3115,39.484080 
3116,39.484096 
3117,39.534351 
3118,39.534400 
3119,39.534421 
3120,39.534460 
3121,39.584702 
3122,39.584740 
3123,39.584758 
3124,39.584773 
3125,39.634949 
3126,39.634985 
3127,39.635001 
3128,39.635016 
3129,39.685247 
3130,39.685480 
3131,39.685497 
3132,39.685511 
3133,39.735710 
3134,39.735787 
3135,39.735832 
3136,39.735876 
3137,39.786246 
3138,39.786335 
3139,39.786388 
3140,39.786440 
3141,39.836793 
3142,39.836902 
3143,39.836964 
3144,39.837007 
3145,39.887354 
3146,39.887418 
3147,39.887490 
3148,39.887534 
3149,39.937800 
3150,39.937832 
3151,39.937842 
3152,39.937851 
3153,39.988075 
3154,39.988103 
3155,39.988111 
3156,39.988119 
3157,40.038340 
3158,40.038367 
3159,40.038376 
3160,40.038385 
3161,40.088557 
3162,40.088583 
3163,40.088592 
3164,40.088600 
3165,40.138822 
3166,40.138849 
3167,40.138858 
3168,40.138866 
3169,40.189087 
3170,40.189115 
3171,40.189124 
3172,40.189131 
3173,40.239351 
3174,40.239379 
3175,40.239388 
3176,40.239396 
3177,40.289644 
3178,40.289701 
3179,40.289722 
3180,40.289738 
3181,40.339890 
3182,40.339916 
3183,40.339925 
3184,40.339933 
3185,40.390154 
3186,40.390182 
3187,40.390191 
3188,40.390198 
3189,40.440420 
3190,40.440447 
3191,40.440456 
3192,40.440544 
3193,40.490750 
3194,40.490792 
3195,40.490810 
3196,40.490825 
3197,40.541057 
3198,40.541084 
3199,40.541093 
3200,40.541100 
3201,40.591274 
3202,40.591304 
3203,40.591313 
3204,40.591321 
3205,40.641543 
3206,40.641569 
3207,40.641578 
3208,40.641585 
3209,40.691862 
3210,40.691928 
3211,40.691956 
3212,40.691975 
3213,40.742279 
3214,40.742345 
3215,40.742373 
3216,40.742393 
3217,40.792634 
3218,40.792702 
3219,40.792727 
3220,40.792749 
3221,40.843089 
3222,40.843154 
3223,40.843182 
3224,40.843203 
3225,40.893428 
3226,40.893460 
3227,40.893470 
3228,40.893480 
3229,40.943715 
3230,40.943746 
3231,40.943755 
3232,40.943763 
3233,40.993952 
3234,40.993983 
3235,40.993994 
3236,40.994001 
3237,41.044239 
3238,41.044268 
3239,41.044281 
3240,41.044288 
3241,41.094550 
3242,41.094610 
3243,41.094633 
3244,41.094653 
3245,41.144899 
3246,41.144928 
3247,41.144937 
3248,41.144944 
3249,41.195144 
3250,41.195185 
3251,41.195206 
3252,41.195223 
3253,41.245605 
3254,41.245673 
3255,41.245699 
3256,41.245719 
3257,41.295992 
3258,41.296051 
3259,41.296074 
3260,41.296091 
3261,41.346393 
3262,41.346459 
3263,41.346481 
3264,41.346502 
3265,41.396743 
3266,41.396770 
3267,41.396779 
3268,41.396786 
3269,41.446970 
3270,41.446997 
3271,41.447006 
3272,41.447014 
3273,41.497233 
3274,41.497260 
3275,41.497268 
3276,41.497275 
3277,41.547539 
3278,41.547584 
3279,41.547605 
3280,41.547619 
3281,41.597937 
3282,41.597984 
3283,41.597999 
3284,41.598013 
3285,41.648287 
3286,41.648334 
3287,41.648351 
3288,41.648365 
3289,41.698549 
3290,41.698591 
3291,41.698607 
3292,41.698621 
3293,41.748855 
3294,41.748881 
3295,41.748890 
3296,41.748898 
3297,41.799119 
3298,41.799145 
3299,41.799157 
3300,41.799165 
3301,41.849384 
3302,41.849411 
3303,41.849419 
3304,41.849426 
3305,41.899646 
3306,41.899705 
3307,41.899728 
3308,41.899745 
3309,41.949971 
3310,41.950003 
3311,41.950015 
3312,41.950025 
3313,42.000308 
3314,42.000375 
3315,42.000402 
3316,42.000423 
3317,42.050762 
3318,42.050828 
3319,42.050858 
3320,42.050877 
3321,42.101175 
3322,42.101240 
3323,42.101268 
3324,42.101289 
3325,42.151641 
3326,42.151711 
3327,42.151734 
3328,42.151756 
3329,42.202163 
3330,42.202259 
3331,42.202285 
3332,42.202305 
3333,42.252521 
3334,42.252551 
3335,42.252561 
3336,42.252570 
3337,42.302804 
3338,42.302836 
3339,42.302847 
3340,42.302856 
3341,42.353079 
3342,42.353139 
3343,42.353163 
3344,42.353183 
3345,42.403434 
3346,42.403467 
3347,42.403478 
3348,42.403499 
3349,42.453722 
3350,42.453749 
3351,42.453757 
3352,42.453764 
3353,42.504045 
3354,42.504102 
3355,42.504121 
3356,42.504138 
3357,42.554338 
3358,42.554364 
3359,42.554373 
3360,42.554379 
3361,42.604866 
